BỆNH       | ROC-AUC      | AUPRC        | F1-SCORE     | NGƯỠNG (THRESH)
--------------------------------------------------------------------------------
BLCA       | 0.8070       | 0.2084       | 0.1818       | 0.407227       
LUAD       | 0.8465       | 0.0598       | 0.0000       | 0.241089       
BRCA       | 0.6844       | 0.0838       | 0.0541       | 0.069824       
KIRC       | 0.8768       | 0.0078       | 0.0000       | 0.092712       
KIRP       | 0.9965       | 0.3576       | 0.0178       | 0.044342       
CESC       | 1.0000       | 1.0000       | 0.2000       | 0.044861       
COAD       | 0.5707       | 0.0497       | 0.1818       | 0.092529       
ESCA       | 0.7524       | 0.0422       | 0.0000       | 0.508301       
HNSC       | 0.7955       | 0.0612       | 0.0333       | 0.039948       
LIHC       | 0.9798       | 0.1973       | 0.0769       | 0.092529       
LUSC       | 0.8962       | 0.0031       | 0.0000       | 0.033142       
PRAD       | 0.9942       | 0.3691       | 0.3636       | 0.250244       
STAD       | 0.7913       | 0.0297       | 0.0059       | 0.021988       
THCA       | 0.6723       | 0.0034       | 0.0000       | 0.053589       
UCEC       | 0.8929       | 0.3530       | 0.0663       | 0.042236       